47
47
50
49
48
51
54
53
54
56
52
55
55
55
55
59
56
59
56
57
58
58
60
59
59
61
60
61
63
61
61
63
62
63
63
63
63
64
64
66
66
65
66
65
66
65
66
67
67
67
67
67
67
67
67
69
68
69
69
68
68
69
69
69
71
70
70
71
70
71
71
71
70
71
71
71
71
71
72
71
71
73
72
71
72
74
73
72
74
74
74
74
74
74
74
74
74
75
74
77
77
77
76
76
76
76
76
76
76
76
76
76
77
77
77
76
77
77
77
77
77
77
77
77
77
77
77
78
77
77
77
78
78
78
78
78
78
78
78
79
79
79
79
79
79
79
79
79
79
79
79
79
79
79
79
79
79
79
79
80
80
80
80
80
80
80
80
80
80
80
80
80
80
80
81
81
81
81
81
81
81
81
81
81
81
81
81
81
81
81
81
81
81
81
81
81
81
81
81
81
81
81
81
81
81
81
82
82
82
82
82
82
82
82
82
82
82
82
82
82
82
82
82
82
82
82
82
82
82
82
82
82
82
82
82
82
82
82
82
82
82
82
82
83
82
82
82
83
84
82
82
83
82
83
83
83
83
83
83
83
83
83
83
83
83
83
83
83
83
83
83
83
83
83
83
83
83
83
83
83
83
83
83
83
83
83
83
83
83
83
83
83
83
83
83
83
83
83
83
83
83
83
83
83
83
83
83
83
83
83
83
83
83
83
83
83
83
83
83
83
83
83
83
83
83
83
83
83
83
83
83
83
83
83
83
83
83
83
83
83
83
84
84
84
84
84
84
84
84
84
84
84
84
84
84
84
84
84
84
84
84
84
84
84
84
84
84
84
84
84
84
84
84
84
84
84
84
84
84
84
84
84
84
84
84
85
85
85
86
86
85
85
86
85
86
86
86
85
86
86
86
86
86
86
86
86
86
86
86
86
86
86
86
86
86
86
86
86
86
86
86
86
87
87
87
87
87
87
87
87
87
87
87
87
87
87
87
87
87
87
87
87
87
87
87
87
87
87
87
87
87
87
87
87
87
87
87
87
87
87
87
87
87
87
87
87
87
87
87
87
87
87
87
87
87
87
87
87
87
87
87
87
87
87
87
87
87
87
87
87
87
87
87
87
87
87
87
87
87
87
87
87
87
87
87
87
87
87
87
87
87
87
87
87
87
87
87
87
87
87
87
87
87
87
87
87
87
87
87
87
87
87
87
87
87
87
87
87
87
87
87
87
87
87
87
87
87
87
87
87
87
87
87
87
87
87
87
87
87
87
87
87
87
87
87
87
87
87
87
87
87
87
87
87
87
87
87
87
87
87
87
87
87
87
87
87
87
87
87
87
87
87
87
87
87
87
87
87
87
87
87
87
87
87
87
87
87
87
87
87
87
87
87
87
87
87
87
87
87
87
87
87
87
87
87
87
87
87
87
87
87
87
87
87
87
87
87
87
87
87
87
87
87
87
87
87
87
87
87
87
87
87
87
87
87
87
87
87
87
87
87
87
88
88
88
88
87
87
87
87
87
87
87
87
87
87
87
87
87
87
87
87
87
87
87
87
87
87
87
87
87
87
87
87
87
87
87
87
87
87
87
87
87
87
87
87
87
87
87
87
87
87
87
87
87
87
87
87
87
87
87
87
87
87
87
87
87
87
87
87
87
87
87
87
87
87
87
87
87
87
87
87
87
87
87
87
87
87
87
87
87
87
87
87
87
87
87
87
87
87
87
87
87
87
87
87
87
87
87
87
87
87
87
87
87
87
87
87
87
87
87
87
87
87
87
87
87
87
87
87
87
87
87
87
87
87
87
87
87
87
87
87
87
87
87
88
87
87
87
87
87
87
87
87
87
87
87
87
87
87
87
87
87
87
87
87
87
87
87
87
87
87
87
87
87
87
87
87
87
87
87
87
87
87
87
87
87
87
87
87
87
87
87
87
87
87
87
87
87
87
87
87
87
87
87
87
87
87
87
87
87
87
87
87
87
87
87
87
87
87
87
87
87
87
87
87
87
87
87
87
87
87
87
87
87
87
87
87
87
87
87
87
87
87
87
88
88
88
88
88
88
87
87
87
87
87
87
87
87
87
87
87
87
87
87
87
87
87
87
87
87
87
87
87
87
87
87
87
87
87
87
87
87
87
87
87
87
87
87
87
87
87
87
87
87
87
87
87
87
87
87
87
87
87
87
87
87
87
87
87
87
87
87
87
87
87
87
87
87
87
87
87
87
87
87
87
87
87
87
87
87
87
87
87
87
87
87
87
87
87
87
87
87
87
87
87
87
87
87
87
88
88
87
87
87
87
87
87
87
87
88
88
88
88
88
88
88
88
88
88
88
88
88
88
88
88
88
88
88
88
88
88
88
88
88
88
88
88
88
88
88
88
88
88
88
88
88
88
88
88
88
88
88
88
88
88
88
88
88
88
88
88
88
88
88
88
88
88
88
88
88
88
88
88
88
88
88
88
88
88
88
88
88
88
88
88
88
88
88
88
88
88
88
88
88
88
88
88
88
88
88
88
88
88
88
88
88
88
88
88
88
88
88
88
88
88
88
88
88
88
88
88
88
88
88
88
88
88
88
88
88
88
88
88
88
88
88
88
88
88
88
88
88
88
88
88
88
88
88
88
88
88
88
88
88
88
88
88
88
88
88
88
88
88
88
88
88
88
88
88
88
88
88
88
88
88
88
88
88
88
88
88
88
88
88
88
88
88
88
88
88
88
88
88
88
88
88
88
88
88
88
88
88
88
88
88
88
88
88
88
88
88
88
88
88
88
88
88
88
88
88
88
88
88
88
88
88
88
88
88
88
88
88
88
88
88
88
88
88
88
88
88
88
88
88
88
88
88
88
88
88
88
88
88
88
88
88
88
88
88
88
88
88
88
88
88
88
88
88
88
88
88
88
88
88
88
88
88
88
88
88
88
88
88
88
88
88
88
88
88
88
88
88
88
88
88
88
88
88
88
88
88
88
88
88
88
88
88
88
88
88
88
88
88
88
88
88
88
88
88
88
88
88
88
88
88
88
88
88
88
88
88
88
88
88
88
88
88
88
88
88
88
88
88
88
88
88
88
88
88
88
88
88
88
88
88
88
88
88
88
88
88
88
88
88
88
89
89
89
89
89
89
89
89
89
89
89
89
89
89
89
89
89
89
89
89
89
89
89
89
89
89
89
89
89
89
89
89
89
89
89
89
89
89
89
89
89
89
89
89
89
89
89
89
89
89
89
89
89
89
89
89
89
89
89
89
89
89
89
89
89
89
89
89
89
89
89
89
89
89
89
89
89
89
89
89
89
89
89
89
89
89
89
89
89
89
89
89
89
89
89
89
89
89
89
89
89
89
89
89
89
89
89
89
89
89
89
89
89
89
89
89
89
89
89
89
89
89
89
89
89
89
89
89
89
89
89
89
89
89
89
89
89
89
89
89
89
89
89
89
89
89
89
89
89
89
89
89
89
89
89
89
89
89
89
89
89
89
89
89
89
89
89
89
89
89
89
89
89
89
89
89
89
89
89
89
89
89
89
89
89
89
89
89
89
89
89
89
89
89
89
89
89
89
89
89
89
89
89
89
89
89
89
89
89
89
89
89
89
89
89
89
89
89
89
89
89
89
89
89
89
89
89
89
89
89
89
89
89
89
89
89
89
89
89
89
89
89
89
89
89
89
89
89
89
89
89
89
89
89
89
89
89
89
89
89
89
89
89
89
89
89
89
89
89
89
89
89
89
89
89
89
89
89
89
89
89
89
89
89
89
89
89
89
89
89
89
89
89
89
89
89
89
89
89
89
89
89
89
89
89
89
89
89
89
89
89
89
89
89
89
89
89
89
89
89
89
89
89
89
89
89
89
89
89
89
89
89
89
89
89
89
89
89
89
89
89
89
89
89
89
89
89
89
89
89
89
89
89
89
89
89
89
89
89
89
89
89
89
89
89
89
89
89
89
89
89
89
89
89
89
89
89
89
89
89
89
89
89
89
89
89
89
89
89
89
89
89
89
89
89
89
89
89
89
89
89
89
89
89
89
89
89
89
89
89
89
89
89
89
89
89
89
89
89
89
89
89
89
89
89
89
89
89
89
89
89
89
89
89
89
89
89
89
89
89
89
89
89
89
89
89
89
89
89
89
89
89
89
89
89
89
89
89
89
89
89
89
89
89
89
89
89
89
89
89
89
89
89
89
89
89
89
89
89
89
89
89
89
89
89
89
89
89
89
89
89
89
89
89
89
89
89
89
89
89
89
89
89
89
89
89
89
89
89
89
89
89
89
89
89
89
89
89
89
89
89
89
89
89
89
89
89
89
89
89
89
89
89
89
89
89
89
89
89
89
89
89
89
89
89
89
89
89
89
89
89
89
89
89
89
89
89
89
89
89
89
89
89
89
89
89
89
89
89
89
89
89
89
89
89
89
89
89
89
89
89
89
89
89
89
89
89
89
89
89
89
89
89
89
89
89
89
89
89
89
89
89
89
89
89
89
89
89
89
89
89
89
89
89
89
89
89
89
89
89
89
89
89
89
